1 LM612493 1 10 Perfor. 1
2 LM612492 1 10 Perfor. 1
3 LM612466 1 9,71 Perfor. 2
4 LM612436 1 9,71 Perfor. 2
5 LM612405 1 9,71 Perfor. 2
6 LM612540 1 9,71 Perfor. 2
7 LM612539 1 9,71 Perfor. 2
8 LM612483 1 9,57 Perfor. 2
9 LM612482 1 9,57 Perfor. 2
10 LM612459 1 9,57 Perfor. 2
11 LM612494 1 9,57 Perfor. 2
12 LM612400 1 9,57 Perfor. 2
13 LM612536 1 9,57 Perfor. 2
14 LM612475 1 9,57 Perfor. 2
15 LM612444 1 9,57 Perfor. 2
16 LM611985 2 10 Perfor. 1
17 LM611854 2 10 perfor. 1
18 LM611926 2 9,85 perfor. 2
19 LM611984 2 9,85 perfor. 2
20 LM611977 2 9,85 perfor. 2
21 LM611912 2 9,71 perfor. 2
22 LM611856 2 9,71 perfor. 2
23 LM611841 2 9,71 perfor. 2
24 LM611876 2 9,71 perfor. 2
25 LM611898 2 9,71 perfor. 2
26 LM611859 2 9,71 perfor. 2
27 LM611949 2 9,57 perfor. 2
28 LM611851 2 9,71 perfor. 2
29 LM611864 2 9,57 perfor. 2
30 LM611893 2 9,57 perfor. 2
31 LM611895 2 9,57 perfor. 2
32 LM612386 2 9,57 perfor. 2
33 LM611320 3 10 Perfor. 1
34 LM611205 3 10 Perfor. 1
35 LM611300 3 10 Perfor. 1
36 LM611323 3 10 Perfor. 1
37 LM611304 3 9,85 Perfor. 2
38 LM611281 3 9,85 Perfor. 2
39 LM611326 3 9,85 Perfor. 2
40 LM611298 3 9,71 Perfor. 2
41 LM611208 3 9,71 Perfor. 2
42 LM611245 3 9,71 Perfor. 2
43 LM611338 3 9,71 Perfor. 2
44 LM611337 3 9,71 Perfor. 2
45 LM611255 3 9,71 Perfor. 2
46 LM611235 3 9,57 Perfor. 2
47 LM611196 3 9,57 Perfor. 2
48 LM611242 3 9,57 Perfor. 2
49 LM611234 3 9,57 Perfor. 2
50 LM611265 3 9,57 Perfor. 2
51 LM611254 3 9,57 Perfor. 2
52 LM611732 3 9,57 Perfor. 2
53 LM611248 3 9,57 Perfor. 2
54 LM611297 3 9,57 Perfor. 2
55 LM611283 3 9,57 Perfor. 2
56 LM611356 3 9,57 Perfor. 2
57 LM611217 3 9,57 Perfor. 2
58 LM611207 3 9,57 Perfor. 2
59 LM610482 4 10 Perfor. 1
60 LM610498 4 10 Perfor. 1
61 LM610614 4 10 Perfor. 1
62 LM610632 4 10 Perfor. 1
63 LM610475 4 10 Perfor. 1
64 LM610519 4 10 Perfor. 1
65 LM610564 4 10 Perfor. 1
66 LM610536 4 10 Perfor. 1
67 LM610491 4 10 Perfor. 1
68 LM610553 4 10 Perfor. 1
69 LM610560 4 10 Perfor. 1
70 LM610574 4 9,83 Perfor. 2
71 LM610557 4 9,83 Perfor. 2
72 LM610559 4 9,83 Perfor. 2
73 LM610662 4 9,83 Perfor. 2
74 LM610616 4 9,83 Perfor. 2
75 LM610525 4 9,83 Perfor. 2
76 LM610493 4 9,83 Perfor. 2
77 LM610485 4 9,83 Perfor. 2
78 LM610517 4 9,83 Perfor. 2
79 LM610656 4 9,83 Perfor. 2
80 LM610504 4 9,83 Perfor. 2
81 LM611093 4 9,83 Perfor. 2
82 LM610538 4 9,83 Perfor. 2
83 LM610617 4 9,83 Perfor. 2
84 LM610610 4 9,83 Perfor. 2
85 LM610577 4 9,83 Perfor. 2
86 LM610659 4 9,83 Perfor. 2
87 LM610595 4 9,83 Perfor. 2
88 LM610558 4 9,83 Perfor. 2
89 LM610524 4 9,83 Perfor. 2
90 LM610592 4 9,83 Perfor. 2
91 LM610523 4 9,66 Perfor. 2
92 LM610492 4 9,66 Perfor. 2
93 LM610583 4 9,66 Perfor. 2
94 LM610550 4 9,66 Perfor. 2
95 LM610541 4 9,66 Perfor. 2
96 LM610599 4 9,66 Perfor. 2
97 LM610575 4 9,66 Perfor. 2
98 LM610473 4 9,66 Perfor. 2
99 LM610611 4 9,66 Perfor. 2
100 LM610484 4 9,66 Perfor. 2
101 LM610607 4 9,66 Perfor. 2
102 LM610537 4 9,66 Perfor. 2
103 LM610518 4 9,66 Perfor. 2
104 LM610642 4 9,66 Perfor. 2
105 LM610666 4 9,66 Perfor. 2
106 LO611720 4 9,85 Perfor. 2
107 LO612576 1 9,28 Merit 1
108 LO612726 1 9,14 Merit 1
109 LO612607 1 9,14 Merit 1
110 LO612637 1 9,14 Merit 1
111 LO612688 1 9,14 Merit 1
112 LO612735 1 9 Merit 1
113 LO612752 1 9 Merit 1
114 LO612706 1 9 Merit 1
115 LO612753 1 9 Merit 1
116 LO612611 1 9 Merit 1
117 LO612669 1 8,85 Merit 2
118 LO612716 1 8,85 Merit 2
119 LO612618 1 8,85 Merit 2
120 LO612723 1 8,85 Merit 2
121 LO612750 1 8,85 Merit 2
122 LO612667 1 8,85 Merit 2
123 LO612677 1 8,85 Merit 2
124 LO612679 1 8,85 Merit 2
125 LO612651 1 8,71 Merit 2
126 LO612627 1 8,71 Merit 2
127 LO612743 1 8,71 Merit 2
128 LO612733 1 8,71 Merit 2
129 LO612722 1 8,71 Merit 2
130 LO612670 1 8,71 Merit 2
131 LO612575 1 8,71 Merit 2
132 LO612135 2 9,71 Perfor. 2
133 LO612144 2 9,71 Perfor. 2
134 LO612103 2 9,57 Perfor. 2
135 LO612191 2 9,57 Perfor. 2
136 LO612158 2 9,42 Merit 1
137 LO612141 2 9,42 Merit 1
138 LO612122 2 9,42 Merit 1
139 LO612137 2 9,28 Merit 1
140 LO612120 2 9,28 Merit 1
141 LO612186 2 9,14 Merit 1
142 LO612160 2 9,14 Merit 1
143 LO612081 2 9 Merit 1
144 LO612051 2 9,28 Merit 1
145 LO612034 2 8,85 Merit 2
146 LO612098 2 8,85 Merit 2
147 LO612145 2 8,85 Merit 2
148 LO612077 2 8,85 Merit 2
149 LO612157 2 8,71 Merit 2
150 LO612039 2 8,71 Merit 2
151 LO612040 2 8,71 Merit 2
152 LO612237 2 8,71 Merit 2
153 LO612071 2 8,71 Merit 2
154 LO612094 2 8,71 Merit 2
155 LO611531 3 10 Perfor. 1
156 LO611426 3 10 Perfor. 1
157 LO611448 3 10 Perfor. 1
158 LO611416 3 9,71 Perfor. 2
159 LO611397 3 9,71 Perfor. 2
160 LO611411 3 9,57 Perfor. 2
161 LO611421 3 9,57 Perfor. 2
162 LO611446 3 9,57 Perfor. 2
163 LO611417 3 9,57 Perfor. 2
164 LO611445 3 9,57 Perfor. 2
165 LO611425 3 9,57 Perfor. 2
166 LO611522 3 9,42 Merit 1
167 LO611504 3 9,42 Merit 1
168 LO611558 3 9,42 Merit 1
169 LO611450 3 9,42 Merit 1
170 LO611492 3 9,42 Merit 1
171 LO611474 3 9,28 Merit 1
172 LO611503 3 9,28 Merit 1
173 LO611479 3 9,28 Merit 1
174 LO611545 3 9,28 Merit 1
175 LO611578 3 9,28 Merit 1
176 LO611580 3 9,28 Merit 1
177 LO611525 3 9,14 Merit 1
178 LO611563 3 9,14 Merit 1
179 LO611420 3 9,14 Merit 1
180 LO611497 3 9,14 Merit 1
181 LO611514 3 9,14 Merit 1
182 LO611530 3 9,14 Merit 1
183 LO611516 3 9,14 Merit 1
184 LO611434 3 9,14 Merit 1
185 LO611405 3 9,14 Merit 1
186 LO610784 4 10 Perfor. 1
187 LO610926 4 10 Perfor. 1
188 LO610792 4 10 Perfor. 1
189 LO611077 4 10 Perfor. 1
190 LO610818 4 10 Perfor. 1
191 LO610868 4 10 Perfor. 1
192 LO610825 4 10 Perfor. 1
193 LO610879 4 10 Perfor. 1
194 LO610933 4 9,85 Perfor. 2
195 LO610972 4 9,71 Perfor. 2
196 LO610817 4 9,71 Perfor. 2
197 LO610830 4 9,71 Perfor. 2
198 LO610937 4 9,71 Perfor. 2
199 LO610801 4 9,71 Perfor. 2
200 LO610851 4 9,57 Perfor. 2
201 LO610878 4 9,57 Perfor. 2
202 LO610943 4 9,57 Perfor. 2
203 LO610821 4 9,57 Perfor. 2
204 LO610908 4 9,57 Perfor. 2
205 LO610865 4 9,57 Perfor. 2
206 LO610819 4 9,42 Merit 1
207 LO610826 4 9,42 Merit 1
208 LO610791 4 9,42 Merit 1
209 LO610783 4 9,42 Merit 1
210 LO610873 4 9,28 Merit 1
211 LO610874 4 9,28 Merit 1
212 LO610858 4 9,28 Merit 1
213 LO610866 4 9,28 Merit 1
214 LO610779 4 9,14 Merit 1
215 LO610850 4 9,14 Merit 1
216 LO68326 4 9,14 Merit 1
217 LO610863 4 9 Merit 1
218 LO610928 4 9 Merit 1
219 LO610950 4 9 Merit 1
220 LO610924 4 9 Merit 1
221 LO610975 4 9 Merit 1
222 LO610834 4 8,85 Merit 2
223 LO610864 4 8,85 Merit 2
224 LO610797 4 8,85 Merit 2
225 LO610900 4 8,85 Merit 2
226 LO610910 4 8,85 Merit 2
227 LO610869 4 8,85 Merit 2
228 LO610856 4 8,85 Merit 2
229 LO610815 4 8,85 Merit 2
230 LO610907 4 8,71 Merit 2
231 LO610917 4 8,71 Merit 2
232 LO610931 4 8,71 Merit 2
233 LO610847 4 8,71 Merit 2
234 LO610938 4 8,71 Merit 2
235 LO610807 4 8,71 Merit 2
236 LO610814 4 8,71 Merit 2
237 LO610966 4 8,71 Merit 2
238 LM612803 1 9,33 Merit 1
239 LM612875 1 9,16 Merit 1
240 LM612810 1 9,16 Merit 1
241 LM612826 1 9,16 Merit 1
242 LM612845 1 9 Merit 1
243 LM612808 1 9 Merit 1
244 LM612867 1 8,83 Merit 2
245 LM612817 1 8,66 Merit 2
246 LM611781 2 10 Perfor. 1
247 LM611742 2 10 Perfor. 1
248 LM611744 2 10 Perfor. 1
249 LM611801 2 9,83 Perfor. 2
250 LM611765 2 9,83 Perfor. 2
251 LM611813 2 9,83 Perfor. 2
252 LM611802 2 9,83 Perfor. 2
253 LM611789 2 9,66 Perfor. 2
254 LM611824 2 9,5 Perfor. 2
255 LM611787 2 9,83 Perfor. 2
256 LM611783 2 9,5 Perfor. 2
257 LM611758 2 9,5 Perfor. 2
258 LM611809 2 9,5 Perfor. 2
259 LM611768 2 9,5 Perfor. 2
260 LM611800 2 9,5 Perfor. 2
261 LM611895 2 9,57 Perfor. 2
262 LM611116 3 9,83 Perfor. 2
263 LM611115 3 9,83 Perfor. 2
264 LM611167 3 10 Perfor. 1
265 LM611170 3 9,83 Perfor. 2
266 LM611118 3 9,83 Perfor. 2
267 LM611131 3 9,66 Perfor. 2
268 LM611135 3 9,66 Perfor. 2
269 LM611129 3 9,66 Perfor. 2
270 LM611113 3 9,66 Perfor. 2
271 LM611127 3 9,66 Perfor. 2
272 LM611148 3 9,5 Perfor. 2
273 LM610701 4 10 Perfor. 1
274 LM610718 4 10 Perfor. 1
275 LM610691 4 10 Perfor. 1
276 LM610746 4 9,8 Perfor. 2
277 LM610750 4 9,8 Perfor. 2
278 LM610769 4 9,8 Perfor. 2
279 LM610720 4 9,8 Perfor. 2
280 LM610725 4 9,6 Perfor. 2
281 LM610744 4 9,6 Perfor. 2
282 LM610743 4 9,6 Perfor. 2
283 LM610752 4 9,6 Perfor. 2
284 LM610709 4 9,6 Perfor. 2
285 LM610735 4 9,6 Perfor. 2
286 LM610695 4 9,6 Perfor. 2
287 LH612923 1 10 Perfor. 1
288 LH612891 1 9,85 Perfor. 2
289 LH612913 1 9,57 Perfor. 2
290 LH613016 1 9,42 Merit 1
291 LH612919 1 9,28 Merit 1
292 LH612899 1 9,14 Merit 1
293 LH612896 1 9,14 Merit 1
294 LH612938 1 9,14 Merit 1
295 LH613018 1 9,14 Merit 1
296 LH612350 2 10 Perfor. 1
297 LH612309 2 9,83 Perfor. 2
298 LH612342 2 9,5 Perfor. 2
299 LH612245 2 9,5 Perfor. 2
300 LH612308 2 9,5 Perfor. 2
301 LH612343 2 9,5 Perfor. 2
302 LH612310 2 9,33 Merit 1
303 LH612276 2 9,33 Merit 1
304 LH612329 2 9,33 Merit 1
305 LH612290 2 9,33 Merit 1
306 LH611655 3 10 Perfor. 1
307 LH611652 3 10 Perfor. 1
308 LH611616 3 10 Perfor. 1
309 LH611615 3 10 Perfor. 1
310 LH611647 3 10 Perfor. 1
311 LH611640 3 9,85 Perfor. 2
312 LH611688 3 9,85 Perfor. 2
313 LH611687 3 9,85 Perfor. 2
314 LH611609 3 9,71 Perfor. 2
315 LH611618 3 9,71 Perfor. 2
316 LH611651 3 9,71 Perfor. 2
317 LH611608 3 9,71 Perfor. 2
318 LH611735 3 9,57 Perfor. 2
319 LH611673 3 9,57 Perfor. 2
320 LH611629 3 9,57 Perfor. 2
321 LH611606 3 9,42 Merit 1
322 LH611612 3 9,42 Merit 1
323 LH611624 3 9,42 Merit 1
324 LH611646 3 9,42 Merit 1
325 LH611631 3 9,42 Merit 1
